%YAML:1.0
R: !!opencv-matrix
   rows: 3
   cols: 3
   dt: d
   data: [ 9.9994883449276328e-001, 7.6645985204605773e-003,
       6.6016911533667462e-003, -7.6343619889602914e-003,
       9.9996030869860253e-001, -4.5932063329657382e-003,
       -6.6366342061172472e-003, 4.5425716192297764e-003,
       9.9996765954179656e-001 ]
T: !!opencv-matrix
   rows: 3
   cols: 1
   dt: d
   data: [ -2.2795266195060643e+002, -1.0084957843815479e+000,
       8.5953858866355404e+000 ]
R1: !!opencv-matrix
   rows: 3
   cols: 3
   dt: d
   data: [ 9.9944527365193492e-001, 1.1908702944069498e-002,
       -3.1101893334632737e-002, -1.1982170816129180e-002,
       9.9992584170226040e-001, -2.1768506055600502e-003,
       3.1073663403951349e-002, 2.5483112478139657e-003,
       9.9951384860463144e-001 ]
R2: !!opencv-matrix
   rows: 3
   cols: 3
   dt: d
   data: [ 9.9928008686043890e-001, 4.4209606783778147e-003,
       -3.7679744039388792e-002, -4.3318985107938766e-003,
       9.9998762829771348e-001, 2.4449758293336658e-003,
       3.7690087018814399e-002, -2.2799908320168746e-003,
       9.9928687521768245e-001 ]
P1: !!opencv-matrix
   rows: 3
   cols: 4
   dt: d
   data: [ 2.3922965731927402e+003, 0., 8.7180586624145508e+002, 0., 0.,
       2.3922965731927402e+003, 6.1168806076049805e+002, 0., 0., 0., 1.,
       0. ]
P2: !!opencv-matrix
   rows: 3
   cols: 4
   dt: d
   data: [ 2.3922965731927402e+003, 0., 8.7180586624145508e+002,
       -5.4572324536950432e+005, 0., 2.3922965731927402e+003,
       6.1168806076049805e+002, 0., 0., 0., 1., 0. ]
Q: !!opencv-matrix
   rows: 4
   cols: 4
   dt: d
   data: [ 1., 0., 0., -8.7180586624145508e+002, 0., 1., 0.,
       -6.1168806076049805e+002, 0., 0., 0., 2.3922965731927402e+003, 0.,
       0., 4.3837175592051931e-003, 0. ]
