%YAML:1.0
M1: !!opencv-matrix
   rows: 3
   cols: 3
   dt: d
   data: [ 2.4823464438404708e+003, 0., 7.7520709092396976e+002, 0.,
       2.4823464438404708e+003, 6.0930317281979580e+002, 0., 0., 1. ]
D1: !!opencv-matrix
   rows: 1
   cols: 5
   dt: d
   data: [ -2.8669181565104901e-001, -3.8355575227033806e-001, 0., 0.,
       3.0437763761105319e+000 ]
M2: !!opencv-matrix
   rows: 3
   cols: 3
   dt: d
   data: [ 2.4823464438404708e+003, 0., 7.7562816051631944e+002, 0.,
       2.4823464438404708e+003, 6.0846027572860385e+002, 0., 0., 1. ]
D2: !!opencv-matrix
   rows: 1
   cols: 5
   dt: d
   data: [ -3.0851815234228508e-001, 8.6566824420887356e-001, 0., 0.,
       -6.2830220869826157e+000 ]
